('6', datetime.datetime(2023, 7, 2, 16, 51, 21, 172000))
('24', datetime.datetime(2023, 7, 2, 16, 51, 21, 315000))
('23', datetime.datetime(2023, 7, 2, 16, 51, 21, 313000))
('2', datetime.datetime(2023, 7, 2, 16, 51, 21, 151000))
('9', datetime.datetime(2023, 7, 2, 16, 51, 21, 189000))
('5', datetime.datetime(2023, 7, 2, 16, 51, 21, 173000))
('17', datetime.datetime(2023, 7, 2, 16, 51, 21, 235000))
('11', datetime.datetime(2023, 7, 2, 16, 51, 21, 199000))
('29', datetime.datetime(2023, 7, 2, 16, 51, 21, 417000))
('0', datetime.datetime(2023, 7, 2, 16, 51, 21, 148000))
('15', datetime.datetime(2023, 7, 2, 16, 51, 21, 218000))
('27', datetime.datetime(2023, 7, 2, 16, 51, 21, 341000))
('26', datetime.datetime(2023, 7, 2, 16, 51, 21, 331000))
('10', datetime.datetime(2023, 7, 2, 16, 51, 21, 193000))
('19', datetime.datetime(2023, 7, 2, 16, 51, 21, 268000))
('28', datetime.datetime(2023, 7, 2, 16, 51, 21, 348000))
('16', datetime.datetime(2023, 7, 2, 16, 51, 21, 223000))
('3', datetime.datetime(2023, 7, 2, 16, 51, 21, 163000))
('7', datetime.datetime(2023, 7, 2, 16, 51, 21, 181000))
('20', datetime.datetime(2023, 7, 2, 16, 51, 21, 270000))
('22', datetime.datetime(2023, 7, 2, 16, 51, 21, 280000))
('12', datetime.datetime(2023, 7, 2, 16, 51, 21, 208000))
('14', datetime.datetime(2023, 7, 2, 16, 51, 21, 212000))
('8', datetime.datetime(2023, 7, 2, 16, 51, 21, 185000))
('25', datetime.datetime(2023, 7, 2, 16, 51, 21, 322000))
('4', datetime.datetime(2023, 7, 2, 16, 51, 21, 162000))
('13', datetime.datetime(2023, 7, 2, 16, 51, 21, 210000))
('18', datetime.datetime(2023, 7, 2, 16, 51, 21, 243000))
('1', datetime.datetime(2023, 7, 2, 16, 51, 21, 149000))
('30', datetime.datetime(2023, 7, 2, 16, 51, 21, 423000))
('31', datetime.datetime(2023, 7, 2, 16, 51, 21, 429000))
('32', datetime.datetime(2023, 7, 2, 16, 51, 21, 428000))
('33', datetime.datetime(2023, 7, 2, 16, 51, 21, 432000))
('34', datetime.datetime(2023, 7, 2, 16, 51, 21, 443000))
('35', datetime.datetime(2023, 7, 2, 16, 51, 21, 473000))
('36', datetime.datetime(2023, 7, 2, 16, 51, 21, 496000))
('37', datetime.datetime(2023, 7, 2, 16, 51, 21, 507000))
('38', datetime.datetime(2023, 7, 2, 16, 51, 21, 513000))
('39', datetime.datetime(2023, 7, 2, 16, 51, 21, 508000))
('40', datetime.datetime(2023, 7, 2, 16, 51, 21, 514000))
('41', datetime.datetime(2023, 7, 2, 16, 51, 21, 515000))
('42', datetime.datetime(2023, 7, 2, 16, 51, 21, 520000))
('43', datetime.datetime(2023, 7, 2, 16, 51, 21, 528000))
('44', datetime.datetime(2023, 7, 2, 16, 51, 21, 532000))
('45', datetime.datetime(2023, 7, 2, 16, 51, 21, 547000))
('46', datetime.datetime(2023, 7, 2, 16, 51, 21, 544000))
('47', datetime.datetime(2023, 7, 2, 16, 51, 21, 555000))
('48', datetime.datetime(2023, 7, 2, 16, 51, 21, 559000))
('49', datetime.datetime(2023, 7, 2, 16, 51, 21, 566000))
('50', datetime.datetime(2023, 7, 2, 16, 51, 21, 560000))
('51', datetime.datetime(2023, 7, 2, 16, 51, 21, 629000))
('52', datetime.datetime(2023, 7, 2, 16, 51, 21, 634000))
('53', datetime.datetime(2023, 7, 2, 16, 51, 21, 655000))
('54', datetime.datetime(2023, 7, 2, 16, 51, 21, 658000))
('55', datetime.datetime(2023, 7, 2, 16, 51, 21, 673000))
('56', datetime.datetime(2023, 7, 2, 16, 51, 21, 675000))
('57', datetime.datetime(2023, 7, 2, 16, 51, 21, 708000))
('58', datetime.datetime(2023, 7, 2, 16, 51, 21, 719000))
('59', datetime.datetime(2023, 7, 2, 16, 51, 21, 729000))
('60', datetime.datetime(2023, 7, 2, 16, 51, 21, 733000))
('61', datetime.datetime(2023, 7, 2, 16, 51, 21, 743000))
('62', datetime.datetime(2023, 7, 2, 16, 51, 21, 754000))
('63', datetime.datetime(2023, 7, 2, 16, 51, 21, 757000))
('64', datetime.datetime(2023, 7, 2, 16, 51, 21, 767000))
('65', datetime.datetime(2023, 7, 2, 16, 51, 21, 767000))
('66', datetime.datetime(2023, 7, 2, 16, 51, 21, 795000))
('67', datetime.datetime(2023, 7, 2, 16, 51, 21, 805000))
('68', datetime.datetime(2023, 7, 2, 16, 51, 21, 813000))
('69', datetime.datetime(2023, 7, 2, 16, 51, 21, 825000))
('70', datetime.datetime(2023, 7, 2, 16, 51, 21, 830000))
('71', datetime.datetime(2023, 7, 2, 16, 51, 21, 831000))
('72', datetime.datetime(2023, 7, 2, 16, 51, 21, 836000))
('73', datetime.datetime(2023, 7, 2, 16, 51, 21, 836000))
('74', datetime.datetime(2023, 7, 2, 16, 51, 21, 839000))
('75', datetime.datetime(2023, 7, 2, 16, 51, 21, 839000))
('76', datetime.datetime(2023, 7, 2, 16, 51, 21, 838000))
('77', datetime.datetime(2023, 7, 2, 16, 51, 21, 857000))
('78', datetime.datetime(2023, 7, 2, 16, 51, 21, 861000))
('79', datetime.datetime(2023, 7, 2, 16, 51, 21, 884000))
('80', datetime.datetime(2023, 7, 2, 16, 51, 21, 887000))
('81', datetime.datetime(2023, 7, 2, 16, 51, 21, 895000))
('82', datetime.datetime(2023, 7, 2, 16, 51, 21, 907000))
('83', datetime.datetime(2023, 7, 2, 16, 51, 21, 930000))
('84', datetime.datetime(2023, 7, 2, 16, 51, 21, 939000))
('85', datetime.datetime(2023, 7, 2, 16, 51, 21, 946000))
('86', datetime.datetime(2023, 7, 2, 16, 51, 21, 946000))
('87', datetime.datetime(2023, 7, 2, 16, 51, 21, 974000))
('88', datetime.datetime(2023, 7, 2, 16, 51, 21, 985000))
('89', datetime.datetime(2023, 7, 2, 16, 51, 21, 997000))
('90', datetime.datetime(2023, 7, 2, 16, 51, 22, 4000))
('91', datetime.datetime(2023, 7, 2, 16, 51, 22, 40000))
('92', datetime.datetime(2023, 7, 2, 16, 51, 22, 56000))
('93', datetime.datetime(2023, 7, 2, 16, 51, 22, 72000))
('94', datetime.datetime(2023, 7, 2, 16, 51, 22, 107000))
('95', datetime.datetime(2023, 7, 2, 16, 51, 22, 120000))
('96', datetime.datetime(2023, 7, 2, 16, 51, 22, 119000))
('97', datetime.datetime(2023, 7, 2, 16, 51, 22, 128000))
('98', datetime.datetime(2023, 7, 2, 16, 51, 22, 141000))
('99', datetime.datetime(2023, 7, 2, 16, 51, 22, 140000))
('21', datetime.datetime(2023, 7, 2, 16, 51, 21, 276000))
{0: 1688305881.148, 1: 1688305881.149, 2: 1688305881.151, 4: 1688305881.162, 3: 1688305881.163, 6: 1688305881.172, 5: 1688305881.173, 7: 1688305881.181, 8: 1688305881.185, 9: 1688305881.189, 10: 1688305881.193, 11: 1688305881.199, 12: 1688305881.208, 13: 1688305881.21, 14: 1688305881.212, 15: 1688305881.218, 16: 1688305881.223, 17: 1688305881.235, 18: 1688305881.243, 19: 1688305881.268, 20: 1688305881.27, 21: 1688305881.276, 22: 1688305881.28, 23: 1688305881.313, 24: 1688305881.315, 25: 1688305881.322, 26: 1688305881.331, 27: 1688305881.341, 28: 1688305881.348, 29: 1688305881.417, 30: 1688305881.423, 32: 1688305881.428, 31: 1688305881.429, 33: 1688305881.432, 34: 1688305881.443, 35: 1688305881.473, 36: 1688305881.496, 37: 1688305881.507, 39: 1688305881.508, 38: 1688305881.513, 40: 1688305881.514, 41: 1688305881.515, 42: 1688305881.52, 43: 1688305881.528, 44: 1688305881.532, 46: 1688305881.544, 45: 1688305881.547, 47: 1688305881.555, 48: 1688305881.559, 50: 1688305881.56, 49: 1688305881.566, 51: 1688305881.629, 52: 1688305881.634, 53: 1688305881.655, 54: 1688305881.658, 55: 1688305881.673, 56: 1688305881.675, 57: 1688305881.708, 58: 1688305881.719, 59: 1688305881.729, 60: 1688305881.733, 61: 1688305881.743, 62: 1688305881.754, 63: 1688305881.757, 64: 1688305881.767, 65: 1688305881.767, 66: 1688305881.795, 67: 1688305881.805, 68: 1688305881.813, 69: 1688305881.825, 70: 1688305881.83, 71: 1688305881.831, 72: 1688305881.836, 73: 1688305881.836, 76: 1688305881.838, 74: 1688305881.839, 75: 1688305881.839, 77: 1688305881.857, 78: 1688305881.861, 79: 1688305881.884, 80: 1688305881.887, 81: 1688305881.895, 82: 1688305881.907, 83: 1688305881.93, 84: 1688305881.939, 85: 1688305881.946, 86: 1688305881.946, 87: 1688305881.974, 88: 1688305881.985, 89: 1688305881.997, 90: 1688305882.004, 91: 1688305882.04, 92: 1688305882.056, 93: 1688305882.072, 94: 1688305882.107, 96: 1688305882.119, 95: 1688305882.12, 97: 1688305882.128, 99: 1688305882.14, 98: 1688305882.141}
conflict on: 4->3
conflict on: 6->5
conflict on: 32->31
conflict on: 39->38
conflict on: 46->45
conflict on: 50->49
conflict on: 76->74
conflict on: 96->95
conflict on: 99->98
[0, 1, 2, 4, 3, 6, 5, 7, 8, 9, 10, 11, 12, 13, 14, 15, 16, 17, 18, 19, 20, 21, 22, 23, 24, 25, 26, 27, 28, 29, 30, 32, 31, 33, 34, 35, 36, 37, 39, 38, 40, 41, 42, 43, 44, 46, 45, 47, 48, 50, 49, 51, 52, 53, 54, 55, 56, 57, 58, 59, 60, 61, 62, 63, 64, 65, 66, 67, 68, 69, 70, 71, 72, 73, 76, 74, 75, 77, 78, 79, 80, 81, 82, 83, 84, 85, 86, 87, 88, 89, 90, 91, 92, 93, 94, 96, 95, 97, 99, 98]
num of conflicts is: 9

Process finished with exit code 0
