/usr/bin/python3.10 /home/amit/degree/4th_year/FinalProjectCassandra/ConflictsCounter/conflicts_counter_new_method.py
('11', datetime.datetime(2023, 7, 6, 17, 44, 46, 329000))
('3', datetime.datetime(2023, 7, 6, 17, 44, 46, 288000))
('2', datetime.datetime(2023, 7, 6, 17, 44, 46, 260000))
('21', datetime.datetime(2023, 7, 6, 17, 44, 46, 440000))
('17', datetime.datetime(2023, 7, 6, 17, 44, 46, 411000))
('19', datetime.datetime(2023, 7, 6, 17, 44, 46, 441000))
('5', datetime.datetime(2023, 7, 6, 17, 44, 46, 284000))
('13', datetime.datetime(2023, 7, 6, 17, 44, 46, 327000))
('15', datetime.datetime(2023, 7, 6, 17, 44, 46, 385000))
('29', datetime.datetime(2023, 7, 6, 17, 44, 46, 569000))
('23', datetime.datetime(2023, 7, 6, 17, 44, 46, 485000))
('25', datetime.datetime(2023, 7, 6, 17, 44, 46, 546000))
('26', datetime.datetime(2023, 7, 6, 17, 44, 46, 550000))
('6', datetime.datetime(2023, 7, 6, 17, 44, 46, 291000))
('12', datetime.datetime(2023, 7, 6, 17, 44, 46, 336000))
('0', datetime.datetime(2023, 7, 6, 17, 44, 46, 249000))
('27', datetime.datetime(2023, 7, 6, 17, 44, 46, 544000))
('18', datetime.datetime(2023, 7, 6, 17, 44, 46, 438000))
('1', datetime.datetime(2023, 7, 6, 17, 44, 46, 255000))
('30', datetime.datetime(2023, 7, 6, 17, 44, 46, 623000))
('31', datetime.datetime(2023, 7, 6, 17, 44, 46, 628000))
('32', datetime.datetime(2023, 7, 6, 17, 44, 46, 628000))
('33', datetime.datetime(2023, 7, 6, 17, 44, 46, 641000))
('34', datetime.datetime(2023, 7, 6, 17, 44, 46, 646000))
('35', datetime.datetime(2023, 7, 6, 17, 44, 46, 677000))
('36', datetime.datetime(2023, 7, 6, 17, 44, 46, 701000))
('37', datetime.datetime(2023, 7, 6, 17, 44, 46, 703000))
('38', datetime.datetime(2023, 7, 6, 17, 44, 46, 683000))
('39', datetime.datetime(2023, 7, 6, 17, 44, 46, 702000))
('40', datetime.datetime(2023, 7, 6, 17, 44, 46, 703000))
('41', datetime.datetime(2023, 7, 6, 17, 44, 46, 704000))
('42', datetime.datetime(2023, 7, 6, 17, 44, 46, 717000))
('43', datetime.datetime(2023, 7, 6, 17, 44, 46, 741000))
('44', datetime.datetime(2023, 7, 6, 17, 44, 46, 736000))
('45', datetime.datetime(2023, 7, 6, 17, 44, 46, 748000))
('46', datetime.datetime(2023, 7, 6, 17, 44, 46, 740000))
('47', datetime.datetime(2023, 7, 6, 17, 44, 46, 777000))
('48', datetime.datetime(2023, 7, 6, 17, 44, 46, 777000))
('49', datetime.datetime(2023, 7, 6, 17, 44, 46, 791000))
('50', datetime.datetime(2023, 7, 6, 17, 44, 46, 796000))
('51', datetime.datetime(2023, 7, 6, 17, 44, 46, 821000))
('52', datetime.datetime(2023, 7, 6, 17, 44, 46, 824000))
('53', datetime.datetime(2023, 7, 6, 17, 44, 46, 847000))
('54', datetime.datetime(2023, 7, 6, 17, 44, 46, 853000))
('55', datetime.datetime(2023, 7, 6, 17, 44, 46, 863000))
('56', datetime.datetime(2023, 7, 6, 17, 44, 46, 865000))
('57', datetime.datetime(2023, 7, 6, 17, 44, 46, 891000))
('58', datetime.datetime(2023, 7, 6, 17, 44, 46, 897000))
('59', datetime.datetime(2023, 7, 6, 17, 44, 46, 932000))
('60', datetime.datetime(2023, 7, 6, 17, 44, 46, 935000))
('61', datetime.datetime(2023, 7, 6, 17, 44, 46, 945000))
('62', datetime.datetime(2023, 7, 6, 17, 44, 46, 948000))
('63', datetime.datetime(2023, 7, 6, 17, 44, 46, 949000))
('64', datetime.datetime(2023, 7, 6, 17, 44, 46, 980000))
('65', datetime.datetime(2023, 7, 6, 17, 44, 46, 985000))
('66', datetime.datetime(2023, 7, 6, 17, 44, 46, 991000))
('67', datetime.datetime(2023, 7, 6, 17, 44, 47, 5000))
('68', datetime.datetime(2023, 7, 6, 17, 44, 47, 2000))
('69', datetime.datetime(2023, 7, 6, 17, 44, 47, 19000))
('70', datetime.datetime(2023, 7, 6, 17, 44, 47, 29000))
('71', datetime.datetime(2023, 7, 6, 17, 44, 47, 39000))
('72', datetime.datetime(2023, 7, 6, 17, 44, 47, 44000))
('73', datetime.datetime(2023, 7, 6, 17, 44, 47, 54000))
('74', datetime.datetime(2023, 7, 6, 17, 44, 47, 55000))
('75', datetime.datetime(2023, 7, 6, 17, 44, 47, 60000))
('76', datetime.datetime(2023, 7, 6, 17, 44, 47, 76000))
('77', datetime.datetime(2023, 7, 6, 17, 44, 47, 83000))
('78', datetime.datetime(2023, 7, 6, 17, 44, 47, 99000))
('79', datetime.datetime(2023, 7, 6, 17, 44, 47, 132000))
('80', datetime.datetime(2023, 7, 6, 17, 44, 47, 140000))
('81', datetime.datetime(2023, 7, 6, 17, 44, 47, 168000))
('82', datetime.datetime(2023, 7, 6, 17, 44, 47, 168000))
('83', datetime.datetime(2023, 7, 6, 17, 44, 47, 178000))
('84', datetime.datetime(2023, 7, 6, 17, 44, 47, 183000))
('85', datetime.datetime(2023, 7, 6, 17, 44, 47, 213000))
('86', datetime.datetime(2023, 7, 6, 17, 44, 47, 239000))
('87', datetime.datetime(2023, 7, 6, 17, 44, 47, 244000))
('88', datetime.datetime(2023, 7, 6, 17, 44, 47, 274000))
('89', datetime.datetime(2023, 7, 6, 17, 44, 47, 289000))
('90', datetime.datetime(2023, 7, 6, 17, 44, 47, 279000))
('91', datetime.datetime(2023, 7, 6, 17, 44, 47, 275000))
('92', datetime.datetime(2023, 7, 6, 17, 44, 47, 298000))
('93', datetime.datetime(2023, 7, 6, 17, 44, 47, 335000))
('94', datetime.datetime(2023, 7, 6, 17, 44, 47, 320000))
('95', datetime.datetime(2023, 7, 6, 17, 44, 47, 353000))
('96', datetime.datetime(2023, 7, 6, 17, 44, 47, 373000))
('97', datetime.datetime(2023, 7, 6, 17, 44, 47, 398000))
('98', datetime.datetime(2023, 7, 6, 17, 44, 47, 407000))
('99', datetime.datetime(2023, 7, 6, 17, 44, 47, 404000))
('7', datetime.datetime(2023, 7, 6, 17, 44, 46, 303000))
('24', datetime.datetime(2023, 7, 6, 17, 44, 46, 502000))
('28', datetime.datetime(2023, 7, 6, 17, 44, 46, 578000))
('4', datetime.datetime(2023, 7, 6, 17, 44, 46, 264000))
('9', datetime.datetime(2023, 7, 6, 17, 44, 46, 321000))
('16', datetime.datetime(2023, 7, 6, 17, 44, 46, 400000))
('8', datetime.datetime(2023, 7, 6, 17, 44, 46, 302000))
('10', datetime.datetime(2023, 7, 6, 17, 44, 46, 323000))
('20', datetime.datetime(2023, 7, 6, 17, 44, 46, 438000))
('22', datetime.datetime(2023, 7, 6, 17, 44, 46, 469000))
('14', datetime.datetime(2023, 7, 6, 17, 44, 46, 378000))
{0: 1688654686.249, 1: 1688654686.255, 2: 1688654686.26, 4: 1688654686.264, 5: 1688654686.284, 3: 1688654686.288, 6: 1688654686.291, 8: 1688654686.302, 7: 1688654686.303, 9: 1688654686.321, 10: 1688654686.323, 13: 1688654686.327, 11: 1688654686.329, 12: 1688654686.336, 14: 1688654686.378, 15: 1688654686.385, 16: 1688654686.4, 17: 1688654686.411, 18: 1688654686.438, 20: 1688654686.438, 21: 1688654686.44, 19: 1688654686.441, 22: 1688654686.469, 23: 1688654686.485, 24: 1688654686.502, 27: 1688654686.544, 25: 1688654686.546, 26: 1688654686.55, 29: 1688654686.569, 28: 1688654686.578, 30: 1688654686.623, 31: 1688654686.628, 32: 1688654686.628, 33: 1688654686.641, 34: 1688654686.646, 35: 1688654686.677, 38: 1688654686.683, 36: 1688654686.701, 39: 1688654686.702, 37: 1688654686.703, 40: 1688654686.703, 41: 1688654686.704, 42: 1688654686.717, 44: 1688654686.736, 46: 1688654686.74, 43: 1688654686.741, 45: 1688654686.748, 47: 1688654686.777, 48: 1688654686.777, 49: 1688654686.791, 50: 1688654686.796, 51: 1688654686.821, 52: 1688654686.824, 53: 1688654686.847, 54: 1688654686.853, 55: 1688654686.863, 56: 1688654686.865, 57: 1688654686.891, 58: 1688654686.897, 59: 1688654686.932, 60: 1688654686.935, 61: 1688654686.945, 62: 1688654686.948, 63: 1688654686.949, 64: 1688654686.98, 65: 1688654686.985, 66: 1688654686.991, 68: 1688654687.002, 67: 1688654687.005, 69: 1688654687.019, 70: 1688654687.029, 71: 1688654687.039, 72: 1688654687.044, 73: 1688654687.054, 74: 1688654687.055, 75: 1688654687.06, 76: 1688654687.076, 77: 1688654687.083, 78: 1688654687.099, 79: 1688654687.132, 80: 1688654687.14, 81: 1688654687.168, 82: 1688654687.168, 83: 1688654687.178, 84: 1688654687.183, 85: 1688654687.213, 86: 1688654687.239, 87: 1688654687.244, 88: 1688654687.274, 91: 1688654687.275, 90: 1688654687.279, 89: 1688654687.289, 92: 1688654687.298, 94: 1688654687.32, 93: 1688654687.335, 95: 1688654687.353, 96: 1688654687.373, 97: 1688654687.398, 99: 1688654687.404, 98: 1688654687.407}
conflict on: 5->3
conflict on: 8->7
conflict on: 13->11
conflict on: 21->19
conflict on: 27->25
conflict on: 29->28
conflict on: 38->36
conflict on: 39->37
conflict on: 46->43
conflict on: 68->67
conflict on: 91->90
conflict on: 90->89
conflict on: 94->93
conflict on: 99->98
[0, 1, 2, 4, 5, 3, 6, 8, 7, 9, 10, 13, 11, 12, 14, 15, 16, 17, 18, 20, 21, 19, 22, 23, 24, 27, 25, 26, 29, 28, 30, 31, 32, 33, 34, 35, 38, 36, 39, 37, 40, 41, 42, 44, 46, 43, 45, 47, 48, 49, 50, 51, 52, 53, 54, 55, 56, 57, 58, 59, 60, 61, 62, 63, 64, 65, 66, 68, 67, 69, 70, 71, 72, 73, 74, 75, 76, 77, 78, 79, 80, 81, 82, 83, 84, 85, 86, 87, 88, 91, 90, 89, 92, 94, 93, 95, 96, 97, 99, 98]
num of conflicts is: 14