/usr/bin/python3.10 /home/amit/degree/4th_year/FinalProjectCassandra/ConflictsCounter/conflicts_counter_new_method.py
('11', datetime.datetime(2023, 7, 6, 17, 44, 28, 113000))
('3', datetime.datetime(2023, 7, 6, 17, 44, 27, 915000))
('2', datetime.datetime(2023, 7, 6, 17, 44, 27, 877000))
('21', datetime.datetime(2023, 7, 6, 17, 44, 28, 255000))
('17', datetime.datetime(2023, 7, 6, 17, 44, 28, 141000))
('19', datetime.datetime(2023, 7, 6, 17, 44, 28, 181000))
('5', datetime.datetime(2023, 7, 6, 17, 44, 27, 913000))
('13', datetime.datetime(2023, 7, 6, 17, 44, 28, 123000))
('15', datetime.datetime(2023, 7, 6, 17, 44, 28, 144000))
('29', datetime.datetime(2023, 7, 6, 17, 44, 28, 315000))
('23', datetime.datetime(2023, 7, 6, 17, 44, 28, 257000))
('25', datetime.datetime(2023, 7, 6, 17, 44, 28, 287000))
('26', datetime.datetime(2023, 7, 6, 17, 44, 28, 307000))
('6', datetime.datetime(2023, 7, 6, 17, 44, 27, 887000))
('12', datetime.datetime(2023, 7, 6, 17, 44, 28, 129000))
('0', datetime.datetime(2023, 7, 6, 17, 44, 27, 872000))
('27', datetime.datetime(2023, 7, 6, 17, 44, 28, 305000))
('18', datetime.datetime(2023, 7, 6, 17, 44, 28, 168000))
('1', datetime.datetime(2023, 7, 6, 17, 44, 27, 871000))
('30', datetime.datetime(2023, 7, 6, 17, 44, 28, 329000))
('31', datetime.datetime(2023, 7, 6, 17, 44, 28, 370000))
('32', datetime.datetime(2023, 7, 6, 17, 44, 28, 357000))
('33', datetime.datetime(2023, 7, 6, 17, 44, 28, 382000))
('34', datetime.datetime(2023, 7, 6, 17, 44, 28, 378000))
('35', datetime.datetime(2023, 7, 6, 17, 44, 28, 368000))
('36', datetime.datetime(2023, 7, 6, 17, 44, 28, 428000))
('37', datetime.datetime(2023, 7, 6, 17, 44, 28, 406000))
('38', datetime.datetime(2023, 7, 6, 17, 44, 28, 425000))
('39', datetime.datetime(2023, 7, 6, 17, 44, 28, 427000))
('40', datetime.datetime(2023, 7, 6, 17, 44, 28, 436000))
('41', datetime.datetime(2023, 7, 6, 17, 44, 28, 436000))
('42', datetime.datetime(2023, 7, 6, 17, 44, 28, 448000))
('43', datetime.datetime(2023, 7, 6, 17, 44, 28, 447000))
('44', datetime.datetime(2023, 7, 6, 17, 44, 28, 461000))
('45', datetime.datetime(2023, 7, 6, 17, 44, 28, 469000))
('46', datetime.datetime(2023, 7, 6, 17, 44, 28, 482000))
('47', datetime.datetime(2023, 7, 6, 17, 44, 28, 536000))
('48', datetime.datetime(2023, 7, 6, 17, 44, 28, 537000))
('49', datetime.datetime(2023, 7, 6, 17, 44, 28, 542000))
('50', datetime.datetime(2023, 7, 6, 17, 44, 28, 546000))
('51', datetime.datetime(2023, 7, 6, 17, 44, 28, 559000))
('52', datetime.datetime(2023, 7, 6, 17, 44, 28, 615000))
('53', datetime.datetime(2023, 7, 6, 17, 44, 28, 654000))
('54', datetime.datetime(2023, 7, 6, 17, 44, 28, 650000))
('55', datetime.datetime(2023, 7, 6, 17, 44, 28, 692000))
('56', datetime.datetime(2023, 7, 6, 17, 44, 28, 712000))
('57', datetime.datetime(2023, 7, 6, 17, 44, 28, 697000))
('58', datetime.datetime(2023, 7, 6, 17, 44, 28, 719000))
('59', datetime.datetime(2023, 7, 6, 17, 44, 28, 732000))
('60', datetime.datetime(2023, 7, 6, 17, 44, 28, 743000))
('61', datetime.datetime(2023, 7, 6, 17, 44, 28, 744000))
('62', datetime.datetime(2023, 7, 6, 17, 44, 28, 759000))
('63', datetime.datetime(2023, 7, 6, 17, 44, 28, 747000))
('64', datetime.datetime(2023, 7, 6, 17, 44, 28, 763000))
('65', datetime.datetime(2023, 7, 6, 17, 44, 28, 782000))
('66', datetime.datetime(2023, 7, 6, 17, 44, 28, 804000))
('67', datetime.datetime(2023, 7, 6, 17, 44, 28, 803000))
('68', datetime.datetime(2023, 7, 6, 17, 44, 28, 833000))
('69', datetime.datetime(2023, 7, 6, 17, 44, 28, 864000))
('70', datetime.datetime(2023, 7, 6, 17, 44, 28, 848000))
('71', datetime.datetime(2023, 7, 6, 17, 44, 28, 868000))
('72', datetime.datetime(2023, 7, 6, 17, 44, 28, 897000))
('73', datetime.datetime(2023, 7, 6, 17, 44, 28, 899000))
('74', datetime.datetime(2023, 7, 6, 17, 44, 28, 914000))
('75', datetime.datetime(2023, 7, 6, 17, 44, 28, 927000))
('76', datetime.datetime(2023, 7, 6, 17, 44, 28, 933000))
('77', datetime.datetime(2023, 7, 6, 17, 44, 28, 941000))
('78', datetime.datetime(2023, 7, 6, 17, 44, 28, 975000))
('79', datetime.datetime(2023, 7, 6, 17, 44, 28, 964000))
('80', datetime.datetime(2023, 7, 6, 17, 44, 28, 951000))
('81', datetime.datetime(2023, 7, 6, 17, 44, 28, 965000))
('82', datetime.datetime(2023, 7, 6, 17, 44, 28, 961000))
('83', datetime.datetime(2023, 7, 6, 17, 44, 28, 989000))
('84', datetime.datetime(2023, 7, 6, 17, 44, 29, 19000))
('85', datetime.datetime(2023, 7, 6, 17, 44, 29, 36000))
('86', datetime.datetime(2023, 7, 6, 17, 44, 29, 42000))
('87', datetime.datetime(2023, 7, 6, 17, 44, 29, 45000))
('88', datetime.datetime(2023, 7, 6, 17, 44, 29, 62000))
('89', datetime.datetime(2023, 7, 6, 17, 44, 29, 66000))
('90', datetime.datetime(2023, 7, 6, 17, 44, 29, 70000))
('91', datetime.datetime(2023, 7, 6, 17, 44, 29, 93000))
('92', datetime.datetime(2023, 7, 6, 17, 44, 29, 92000))
('93', datetime.datetime(2023, 7, 6, 17, 44, 29, 122000))
('94', datetime.datetime(2023, 7, 6, 17, 44, 29, 116000))
('95', datetime.datetime(2023, 7, 6, 17, 44, 29, 129000))
('96', datetime.datetime(2023, 7, 6, 17, 44, 29, 142000))
('97', datetime.datetime(2023, 7, 6, 17, 44, 29, 149000))
('98', datetime.datetime(2023, 7, 6, 17, 44, 29, 165000))
('99', datetime.datetime(2023, 7, 6, 17, 44, 29, 169000))
('7', datetime.datetime(2023, 7, 6, 17, 44, 27, 917000))
('24', datetime.datetime(2023, 7, 6, 17, 44, 28, 275000))
('28', datetime.datetime(2023, 7, 6, 17, 44, 28, 308000))
('4', datetime.datetime(2023, 7, 6, 17, 44, 27, 886000))
('9', datetime.datetime(2023, 7, 6, 17, 44, 27, 941000))
('16', datetime.datetime(2023, 7, 6, 17, 44, 28, 150000))
('8', datetime.datetime(2023, 7, 6, 17, 44, 27, 917000))
('10', datetime.datetime(2023, 7, 6, 17, 44, 28, 118000))
('20', datetime.datetime(2023, 7, 6, 17, 44, 28, 201000))
('22', datetime.datetime(2023, 7, 6, 17, 44, 28, 244000))
('14', datetime.datetime(2023, 7, 6, 17, 44, 28, 135000))
{1: 1688654667.871, 0: 1688654667.872, 2: 1688654667.877, 4: 1688654667.886, 6: 1688654667.887, 5: 1688654667.913, 3: 1688654667.915, 7: 1688654667.917, 8: 1688654667.917, 9: 1688654667.941, 11: 1688654668.113, 10: 1688654668.118, 13: 1688654668.123, 12: 1688654668.129, 14: 1688654668.135, 17: 1688654668.141, 15: 1688654668.144, 16: 1688654668.15, 18: 1688654668.168, 19: 1688654668.181, 20: 1688654668.201, 22: 1688654668.244, 21: 1688654668.255, 23: 1688654668.257, 24: 1688654668.275, 25: 1688654668.287, 27: 1688654668.305, 26: 1688654668.307, 28: 1688654668.308, 29: 1688654668.315, 30: 1688654668.329, 32: 1688654668.357, 35: 1688654668.368, 31: 1688654668.37, 34: 1688654668.378, 33: 1688654668.382, 37: 1688654668.406, 38: 1688654668.425, 39: 1688654668.427, 36: 1688654668.428, 40: 1688654668.436, 41: 1688654668.436, 43: 1688654668.447, 42: 1688654668.448, 44: 1688654668.461, 45: 1688654668.469, 46: 1688654668.482, 47: 1688654668.536, 48: 1688654668.537, 49: 1688654668.542, 50: 1688654668.546, 51: 1688654668.559, 52: 1688654668.615, 54: 1688654668.65, 53: 1688654668.654, 55: 1688654668.692, 57: 1688654668.697, 56: 1688654668.712, 58: 1688654668.719, 59: 1688654668.732, 60: 1688654668.743, 61: 1688654668.744, 63: 1688654668.747, 62: 1688654668.759, 64: 1688654668.763, 65: 1688654668.782, 67: 1688654668.803, 66: 1688654668.804, 68: 1688654668.833, 70: 1688654668.848, 69: 1688654668.864, 71: 1688654668.868, 72: 1688654668.897, 73: 1688654668.899, 74: 1688654668.914, 75: 1688654668.927, 76: 1688654668.933, 77: 1688654668.941, 80: 1688654668.951, 82: 1688654668.961, 79: 1688654668.964, 81: 1688654668.965, 78: 1688654668.975, 83: 1688654668.989, 84: 1688654669.019, 85: 1688654669.036, 86: 1688654669.042, 87: 1688654669.045, 88: 1688654669.062, 89: 1688654669.066, 90: 1688654669.07, 92: 1688654669.092, 91: 1688654669.093, 94: 1688654669.116, 93: 1688654669.122, 95: 1688654669.129, 96: 1688654669.142, 97: 1688654669.149, 98: 1688654669.165, 99: 1688654669.169}
conflict on: 1->0
conflict on: 6->5
conflict on: 5->3
conflict on: 11->10
conflict on: 13->12
conflict on: 17->15
conflict on: 22->21
conflict on: 27->26
conflict on: 35->31
conflict on: 34->33
conflict on: 39->36
conflict on: 43->42
conflict on: 54->53
conflict on: 57->56
conflict on: 63->62
conflict on: 67->66
conflict on: 70->69
conflict on: 82->79
conflict on: 81->78
conflict on: 92->91
conflict on: 94->93
[1, 0, 2, 4, 6, 5, 3, 7, 8, 9, 11, 10, 13, 12, 14, 17, 15, 16, 18, 19, 20, 22, 21, 23, 24, 25, 27, 26, 28, 29, 30, 32, 35, 31, 34, 33, 37, 38, 39, 36, 40, 41, 43, 42, 44, 45, 46, 47, 48, 49, 50, 51, 52, 54, 53, 55, 57, 56, 58, 59, 60, 61, 63, 62, 64, 65, 67, 66, 68, 70, 69, 71, 72, 73, 74, 75, 76, 77, 80, 82, 79, 81, 78, 83, 84, 85, 86, 87, 88, 89, 90, 92, 91, 94, 93, 95, 96, 97, 98, 99]
num of conflicts is: 21