('11', datetime.datetime(2023, 7, 6, 17, 53, 9, 313000))
('3', datetime.datetime(2023, 7, 6, 17, 53, 9, 233000))
('2', datetime.datetime(2023, 7, 6, 17, 53, 9, 219000))
('21', datetime.datetime(2023, 7, 6, 17, 53, 9, 383000))
('17', datetime.datetime(2023, 7, 6, 17, 53, 9, 364000))
('19', datetime.datetime(2023, 7, 6, 17, 53, 9, 376000))
('5', datetime.datetime(2023, 7, 6, 17, 53, 9, 262000))
('13', datetime.datetime(2023, 7, 6, 17, 53, 9, 323000))
('15', datetime.datetime(2023, 7, 6, 17, 53, 9, 320000))
('29', datetime.datetime(2023, 7, 6, 17, 53, 9, 448000))
('23', datetime.datetime(2023, 7, 6, 17, 53, 9, 392000))
('25', datetime.datetime(2023, 7, 6, 17, 53, 9, 397000))
('26', datetime.datetime(2023, 7, 6, 17, 53, 9, 398000))
('6', datetime.datetime(2023, 7, 6, 17, 53, 9, 292000))
('12', datetime.datetime(2023, 7, 6, 17, 53, 9, 312000))
('0', datetime.datetime(2023, 7, 6, 17, 53, 9, 213000))
('27', datetime.datetime(2023, 7, 6, 17, 53, 9, 420000))
('18', datetime.datetime(2023, 7, 6, 17, 53, 9, 377000))
('1', datetime.datetime(2023, 7, 6, 17, 53, 9, 214000))
('30', datetime.datetime(2023, 7, 6, 17, 53, 9, 453000))
('31', datetime.datetime(2023, 7, 6, 17, 53, 9, 480000))
('32', datetime.datetime(2023, 7, 6, 17, 53, 9, 488000))
('33', datetime.datetime(2023, 7, 6, 17, 53, 9, 487000))
('34', datetime.datetime(2023, 7, 6, 17, 53, 9, 498000))
('35', datetime.datetime(2023, 7, 6, 17, 53, 9, 494000))
('36', datetime.datetime(2023, 7, 6, 17, 53, 9, 519000))
('37', datetime.datetime(2023, 7, 6, 17, 53, 9, 529000))
('38', datetime.datetime(2023, 7, 6, 17, 53, 9, 566000))
('39', datetime.datetime(2023, 7, 6, 17, 53, 9, 574000))
('40', datetime.datetime(2023, 7, 6, 17, 53, 9, 586000))
('41', datetime.datetime(2023, 7, 6, 17, 53, 9, 577000))
('42', datetime.datetime(2023, 7, 6, 17, 53, 9, 581000))
('43', datetime.datetime(2023, 7, 6, 17, 53, 9, 589000))
('44', datetime.datetime(2023, 7, 6, 17, 53, 9, 602000))
('45', datetime.datetime(2023, 7, 6, 17, 53, 9, 622000))
('46', datetime.datetime(2023, 7, 6, 17, 53, 9, 624000))
('47', datetime.datetime(2023, 7, 6, 17, 53, 9, 628000))
('48', datetime.datetime(2023, 7, 6, 17, 53, 9, 633000))
('49', datetime.datetime(2023, 7, 6, 17, 53, 9, 632000))
('50', datetime.datetime(2023, 7, 6, 17, 53, 9, 660000))
('51', datetime.datetime(2023, 7, 6, 17, 53, 9, 663000))
('52', datetime.datetime(2023, 7, 6, 17, 53, 9, 669000))
('53', datetime.datetime(2023, 7, 6, 17, 53, 9, 723000))
('54', datetime.datetime(2023, 7, 6, 17, 53, 9, 720000))
('55', datetime.datetime(2023, 7, 6, 17, 53, 9, 714000))
('56', datetime.datetime(2023, 7, 6, 17, 53, 9, 726000))
('57', datetime.datetime(2023, 7, 6, 17, 53, 9, 733000))
('58', datetime.datetime(2023, 7, 6, 17, 53, 9, 735000))
('59', datetime.datetime(2023, 7, 6, 17, 53, 9, 781000))
('60', datetime.datetime(2023, 7, 6, 17, 53, 9, 751000))
('61', datetime.datetime(2023, 7, 6, 17, 53, 9, 757000))
('62', datetime.datetime(2023, 7, 6, 17, 53, 9, 779000))
('63', datetime.datetime(2023, 7, 6, 17, 53, 9, 786000))
('64', datetime.datetime(2023, 7, 6, 17, 53, 9, 793000))
('65', datetime.datetime(2023, 7, 6, 17, 53, 9, 815000))
('66', datetime.datetime(2023, 7, 6, 17, 53, 9, 827000))
('67', datetime.datetime(2023, 7, 6, 17, 53, 9, 818000))
('68', datetime.datetime(2023, 7, 6, 17, 53, 9, 828000))
('69', datetime.datetime(2023, 7, 6, 17, 53, 9, 823000))
('70', datetime.datetime(2023, 7, 6, 17, 53, 9, 825000))
('71', datetime.datetime(2023, 7, 6, 17, 53, 9, 858000))
('72', datetime.datetime(2023, 7, 6, 17, 53, 9, 855000))
('73', datetime.datetime(2023, 7, 6, 17, 53, 9, 886000))
('74', datetime.datetime(2023, 7, 6, 17, 53, 9, 889000))
('75', datetime.datetime(2023, 7, 6, 17, 53, 9, 911000))
('76', datetime.datetime(2023, 7, 6, 17, 53, 9, 921000))
('77', datetime.datetime(2023, 7, 6, 17, 53, 9, 925000))
('78', datetime.datetime(2023, 7, 6, 17, 53, 9, 941000))
('79', datetime.datetime(2023, 7, 6, 17, 53, 9, 943000))
('80', datetime.datetime(2023, 7, 6, 17, 53, 9, 940000))
('81', datetime.datetime(2023, 7, 6, 17, 53, 9, 944000))
('82', datetime.datetime(2023, 7, 6, 17, 53, 9, 948000))
('83', datetime.datetime(2023, 7, 6, 17, 53, 9, 954000))
('84', datetime.datetime(2023, 7, 6, 17, 53, 9, 962000))
('85', datetime.datetime(2023, 7, 6, 17, 53, 9, 974000))
('86', datetime.datetime(2023, 7, 6, 17, 53, 9, 973000))
('87', datetime.datetime(2023, 7, 6, 17, 53, 9, 980000))
('88', datetime.datetime(2023, 7, 6, 17, 53, 10, 20000))
('89', datetime.datetime(2023, 7, 6, 17, 53, 10, 11000))
('90', datetime.datetime(2023, 7, 6, 17, 53, 10, 19000))
('91', datetime.datetime(2023, 7, 6, 17, 53, 10, 22000))
('92', datetime.datetime(2023, 7, 6, 17, 53, 10, 30000))
('93', datetime.datetime(2023, 7, 6, 17, 53, 10, 61000))
('94', datetime.datetime(2023, 7, 6, 17, 53, 10, 62000))
('95', datetime.datetime(2023, 7, 6, 17, 53, 10, 65000))
('96', datetime.datetime(2023, 7, 6, 17, 53, 10, 82000))
('97', datetime.datetime(2023, 7, 6, 17, 53, 10, 90000))
('98', datetime.datetime(2023, 7, 6, 17, 53, 10, 92000))
('99', datetime.datetime(2023, 7, 6, 17, 53, 10, 111000))
('7', datetime.datetime(2023, 7, 6, 17, 53, 9, 300000))
('24', datetime.datetime(2023, 7, 6, 17, 53, 9, 390000))
('28', datetime.datetime(2023, 7, 6, 17, 53, 9, 439000))
('4', datetime.datetime(2023, 7, 6, 17, 53, 9, 236000))
('9', datetime.datetime(2023, 7, 6, 17, 53, 9, 301000))
('16', datetime.datetime(2023, 7, 6, 17, 53, 9, 340000))
('8', datetime.datetime(2023, 7, 6, 17, 53, 9, 302000))
('10', datetime.datetime(2023, 7, 6, 17, 53, 9, 311000))
('20', datetime.datetime(2023, 7, 6, 17, 53, 9, 382000))
('22', datetime.datetime(2023, 7, 6, 17, 53, 9, 384000))
('14', datetime.datetime(2023, 7, 6, 17, 53, 9, 315000))
{0: 1688655189.213, 1: 1688655189.214, 2: 1688655189.219, 3: 1688655189.233, 4: 1688655189.236, 5: 1688655189.262, 6: 1688655189.292, 7: 1688655189.3, 9: 1688655189.301, 8: 1688655189.302, 10: 1688655189.311, 12: 1688655189.312, 11: 1688655189.313, 14: 1688655189.315, 15: 1688655189.32, 13: 1688655189.323, 16: 1688655189.34, 17: 1688655189.364, 19: 1688655189.376, 18: 1688655189.377, 20: 1688655189.382, 21: 1688655189.383, 22: 1688655189.384, 24: 1688655189.39, 23: 1688655189.392, 25: 1688655189.397, 26: 1688655189.398, 27: 1688655189.42, 28: 1688655189.439, 29: 1688655189.448, 30: 1688655189.453, 31: 1688655189.48, 33: 1688655189.487, 32: 1688655189.488, 35: 1688655189.494, 34: 1688655189.498, 36: 1688655189.519, 37: 1688655189.529, 38: 1688655189.566, 39: 1688655189.574, 41: 1688655189.577, 42: 1688655189.581, 40: 1688655189.586, 43: 1688655189.589, 44: 1688655189.602, 45: 1688655189.622, 46: 1688655189.624, 47: 1688655189.628, 49: 1688655189.632, 48: 1688655189.633, 50: 1688655189.66, 51: 1688655189.663, 52: 1688655189.669, 55: 1688655189.714, 54: 1688655189.72, 53: 1688655189.723, 56: 1688655189.726, 57: 1688655189.733, 58: 1688655189.735, 60: 1688655189.751, 61: 1688655189.757, 62: 1688655189.779, 59: 1688655189.781, 63: 1688655189.786, 64: 1688655189.793, 65: 1688655189.815, 67: 1688655189.818, 69: 1688655189.823, 70: 1688655189.825, 66: 1688655189.827, 68: 1688655189.828, 72: 1688655189.855, 71: 1688655189.858, 73: 1688655189.886, 74: 1688655189.889, 75: 1688655189.911, 76: 1688655189.921, 77: 1688655189.925, 80: 1688655189.94, 78: 1688655189.941, 79: 1688655189.943, 81: 1688655189.944, 82: 1688655189.948, 83: 1688655189.954, 84: 1688655189.962, 86: 1688655189.973, 85: 1688655189.974, 87: 1688655189.98, 89: 1688655190.011, 90: 1688655190.019, 88: 1688655190.02, 91: 1688655190.022, 92: 1688655190.03, 93: 1688655190.061, 94: 1688655190.062, 95: 1688655190.065, 96: 1688655190.082, 97: 1688655190.09, 98: 1688655190.092, 99: 1688655190.111}
conflict on: 9->8
conflict on: 12->11
conflict on: 15->13
conflict on: 19->18
conflict on: 24->23
conflict on: 33->32
conflict on: 35->34
conflict on: 42->40
conflict on: 49->48
conflict on: 55->54
conflict on: 54->53
conflict on: 62->59
conflict on: 70->66
conflict on: 72->71
conflict on: 80->78
conflict on: 86->85
conflict on: 90->88
[0, 1, 2, 3, 4, 5, 6, 7, 9, 8, 10, 12, 11, 14, 15, 13, 16, 17, 19, 18, 20, 21, 22, 24, 23, 25, 26, 27, 28, 29, 30, 31, 33, 32, 35, 34, 36, 37, 38, 39, 41, 42, 40, 43, 44, 45, 46, 47, 49, 48, 50, 51, 52, 55, 54, 53, 56, 57, 58, 60, 61, 62, 59, 63, 64, 65, 67, 69, 70, 66, 68, 72, 71, 73, 74, 75, 76, 77, 80, 78, 79, 81, 82, 83, 84, 86, 85, 87, 89, 90, 88, 91, 92, 93, 94, 95, 96, 97, 98, 99]
num of conflicts is: 17