/usr/bin/python3.10 /home/amit/degree/4th_year/FinalProjectCassandra/ConflictsCounter/conflicts_counter_new_method.py
('6', datetime.datetime(2023, 7, 2, 17, 0, 41, 284000))
('24', datetime.datetime(2023, 7, 2, 17, 0, 41, 995000))
('23', datetime.datetime(2023, 7, 2, 17, 0, 41, 978000))
('2', datetime.datetime(2023, 7, 2, 17, 0, 41, 260000))
('9', datetime.datetime(2023, 7, 2, 17, 0, 41, 290000))
('5', datetime.datetime(2023, 7, 2, 17, 0, 41, 280000))
('17', datetime.datetime(2023, 7, 2, 17, 0, 41, 709000))
('11', datetime.datetime(2023, 7, 2, 17, 0, 41, 551000))
('29', datetime.datetime(2023, 7, 2, 17, 0, 42, 118000))
('0', datetime.datetime(2023, 7, 2, 17, 0, 41, 272000))
('15', datetime.datetime(2023, 7, 2, 17, 0, 41, 670000))
('27', datetime.datetime(2023, 7, 2, 17, 0, 42, 59000))
('26', datetime.datetime(2023, 7, 2, 17, 0, 42, 14000))
('10', datetime.datetime(2023, 7, 2, 17, 0, 41, 551000))
('19', datetime.datetime(2023, 7, 2, 17, 0, 41, 777000))
('28', datetime.datetime(2023, 7, 2, 17, 0, 42, 86000))
('16', datetime.datetime(2023, 7, 2, 17, 0, 41, 686000))
('3', datetime.datetime(2023, 7, 2, 17, 0, 41, 284000))
('7', datetime.datetime(2023, 7, 2, 17, 0, 41, 285000))
('20', datetime.datetime(2023, 7, 2, 17, 0, 41, 881000))
('22', datetime.datetime(2023, 7, 2, 17, 0, 41, 957000))
('12', datetime.datetime(2023, 7, 2, 17, 0, 41, 596000))
('14', datetime.datetime(2023, 7, 2, 17, 0, 41, 651000))
('8', datetime.datetime(2023, 7, 2, 17, 0, 41, 283000))
('25', datetime.datetime(2023, 7, 2, 17, 0, 42, 7000))
('4', datetime.datetime(2023, 7, 2, 17, 0, 41, 284000))
('13', datetime.datetime(2023, 7, 2, 17, 0, 41, 621000))
('18', datetime.datetime(2023, 7, 2, 17, 0, 41, 754000))
('1', datetime.datetime(2023, 7, 2, 17, 0, 41, 265000))
('30', datetime.datetime(2023, 7, 2, 17, 0, 42, 160000))
('31', datetime.datetime(2023, 7, 2, 17, 0, 42, 200000))
('32', datetime.datetime(2023, 7, 2, 17, 0, 42, 255000))
('33', datetime.datetime(2023, 7, 2, 17, 0, 42, 299000))
('34', datetime.datetime(2023, 7, 2, 17, 0, 42, 302000))
('35', datetime.datetime(2023, 7, 2, 17, 0, 42, 397000))
('36', datetime.datetime(2023, 7, 2, 17, 0, 42, 417000))
('37', datetime.datetime(2023, 7, 2, 17, 0, 42, 452000))
('38', datetime.datetime(2023, 7, 2, 17, 0, 42, 462000))
('39', datetime.datetime(2023, 7, 2, 17, 0, 42, 505000))
('40', datetime.datetime(2023, 7, 2, 17, 0, 42, 519000))
('41', datetime.datetime(2023, 7, 2, 17, 0, 42, 559000))
('42', datetime.datetime(2023, 7, 2, 17, 0, 42, 559000))
('43', datetime.datetime(2023, 7, 2, 17, 0, 42, 600000))
('44', datetime.datetime(2023, 7, 2, 17, 0, 42, 626000))
('45', datetime.datetime(2023, 7, 2, 17, 0, 42, 645000))
('46', datetime.datetime(2023, 7, 2, 17, 0, 42, 688000))
('47', datetime.datetime(2023, 7, 2, 17, 0, 42, 697000))
('48', datetime.datetime(2023, 7, 2, 17, 0, 42, 731000))
('49', datetime.datetime(2023, 7, 2, 17, 0, 42, 759000))
('50', datetime.datetime(2023, 7, 2, 17, 0, 42, 799000))
('51', datetime.datetime(2023, 7, 2, 17, 0, 42, 785000))
('52', datetime.datetime(2023, 7, 2, 17, 0, 42, 831000))
('53', datetime.datetime(2023, 7, 2, 17, 0, 42, 914000))
('54', datetime.datetime(2023, 7, 2, 17, 0, 42, 946000))
('55', datetime.datetime(2023, 7, 2, 17, 0, 42, 969000))
('56', datetime.datetime(2023, 7, 2, 17, 0, 42, 988000))
('57', datetime.datetime(2023, 7, 2, 17, 0, 43, 39000))
('58', datetime.datetime(2023, 7, 2, 17, 0, 43, 35000))
('59', datetime.datetime(2023, 7, 2, 17, 0, 43, 94000))
('60', datetime.datetime(2023, 7, 2, 17, 0, 43, 92000))
('61', datetime.datetime(2023, 7, 2, 17, 0, 43, 140000))
('62', datetime.datetime(2023, 7, 2, 17, 0, 43, 168000))
('63', datetime.datetime(2023, 7, 2, 17, 0, 43, 198000))
('64', datetime.datetime(2023, 7, 2, 17, 0, 43, 260000))
('65', datetime.datetime(2023, 7, 2, 17, 0, 43, 368000))
('66', datetime.datetime(2023, 7, 2, 17, 0, 43, 416000))
('67', datetime.datetime(2023, 7, 2, 17, 0, 43, 451000))
('68', datetime.datetime(2023, 7, 2, 17, 0, 43, 482000))
('69', datetime.datetime(2023, 7, 2, 17, 0, 43, 484000))
('70', datetime.datetime(2023, 7, 2, 17, 0, 43, 668000))
('71', datetime.datetime(2023, 7, 2, 17, 0, 43, 748000))
('72', datetime.datetime(2023, 7, 2, 17, 0, 43, 724000))
('73', datetime.datetime(2023, 7, 2, 17, 0, 43, 772000))
('74', datetime.datetime(2023, 7, 2, 17, 0, 43, 764000))
('75', datetime.datetime(2023, 7, 2, 17, 0, 43, 776000))
('76', datetime.datetime(2023, 7, 2, 17, 0, 43, 834000))
('77', datetime.datetime(2023, 7, 2, 17, 0, 43, 823000))
('78', datetime.datetime(2023, 7, 2, 17, 0, 43, 854000))
('79', datetime.datetime(2023, 7, 2, 17, 0, 43, 885000))
('80', datetime.datetime(2023, 7, 2, 17, 0, 43, 901000))
('81', datetime.datetime(2023, 7, 2, 17, 0, 43, 912000))
('82', datetime.datetime(2023, 7, 2, 17, 0, 43, 936000))
('83', datetime.datetime(2023, 7, 2, 17, 0, 43, 930000))
('84', datetime.datetime(2023, 7, 2, 17, 0, 43, 986000))
('85', datetime.datetime(2023, 7, 2, 17, 0, 43, 974000))
('86', datetime.datetime(2023, 7, 2, 17, 0, 44, 6000))
('87', datetime.datetime(2023, 7, 2, 17, 0, 44, 11000))
('88', datetime.datetime(2023, 7, 2, 17, 0, 44, 13000))
('89', datetime.datetime(2023, 7, 2, 17, 0, 44, 37000))
('90', datetime.datetime(2023, 7, 2, 17, 0, 44, 49000))
('91', datetime.datetime(2023, 7, 2, 17, 0, 44, 66000))
('92', datetime.datetime(2023, 7, 2, 17, 0, 44, 77000))
('93', datetime.datetime(2023, 7, 2, 17, 0, 44, 79000))
('94', datetime.datetime(2023, 7, 2, 17, 0, 44, 87000))
('95', datetime.datetime(2023, 7, 2, 17, 0, 44, 91000))
('96', datetime.datetime(2023, 7, 2, 17, 0, 44, 170000))
('97', datetime.datetime(2023, 7, 2, 17, 0, 44, 166000))
('98', datetime.datetime(2023, 7, 2, 17, 0, 44, 197000))
('99', datetime.datetime(2023, 7, 2, 17, 0, 44, 219000))
('21', datetime.datetime(2023, 7, 2, 17, 0, 41, 913000))
{2: 1688306441.26, 1: 1688306441.265, 0: 1688306441.272, 5: 1688306441.28, 8: 1688306441.283, 6: 1688306441.284, 3: 1688306441.284, 4: 1688306441.284, 7: 1688306441.285, 9: 1688306441.29, 11: 1688306441.551, 10: 1688306441.551, 12: 1688306441.596, 13: 1688306441.621, 14: 1688306441.651, 15: 1688306441.67, 16: 1688306441.686, 17: 1688306441.709, 18: 1688306441.754, 19: 1688306441.777, 20: 1688306441.881, 21: 1688306441.913, 22: 1688306441.957, 23: 1688306441.978, 24: 1688306441.995, 25: 1688306442.007, 26: 1688306442.014, 27: 1688306442.059, 28: 1688306442.086, 29: 1688306442.118, 30: 1688306442.16, 31: 1688306442.2, 32: 1688306442.255, 33: 1688306442.299, 34: 1688306442.302, 35: 1688306442.397, 36: 1688306442.417, 37: 1688306442.452, 38: 1688306442.462, 39: 1688306442.505, 40: 1688306442.519, 41: 1688306442.559, 42: 1688306442.559, 43: 1688306442.6, 44: 1688306442.626, 45: 1688306442.645, 46: 1688306442.688, 47: 1688306442.697, 48: 1688306442.731, 49: 1688306442.759, 51: 1688306442.785, 50: 1688306442.799, 52: 1688306442.831, 53: 1688306442.914, 54: 1688306442.946, 55: 1688306442.969, 56: 1688306442.988, 58: 1688306443.035, 57: 1688306443.039, 60: 1688306443.092, 59: 1688306443.094, 61: 1688306443.14, 62: 1688306443.168, 63: 1688306443.198, 64: 1688306443.26, 65: 1688306443.368, 66: 1688306443.416, 67: 1688306443.451, 68: 1688306443.482, 69: 1688306443.484, 70: 1688306443.668, 72: 1688306443.724, 71: 1688306443.748, 74: 1688306443.764, 73: 1688306443.772, 75: 1688306443.776, 77: 1688306443.823, 76: 1688306443.834, 78: 1688306443.854, 79: 1688306443.885, 80: 1688306443.901, 81: 1688306443.912, 83: 1688306443.93, 82: 1688306443.936, 85: 1688306443.974, 84: 1688306443.986, 86: 1688306444.006, 87: 1688306444.011, 88: 1688306444.013, 89: 1688306444.037, 90: 1688306444.049, 91: 1688306444.066, 92: 1688306444.077, 93: 1688306444.079, 94: 1688306444.087, 95: 1688306444.091, 97: 1688306444.166, 96: 1688306444.17, 98: 1688306444.197, 99: 1688306444.219}
conflict on: 2->1
conflict on: 1->0
conflict on: 8->6
conflict on: 6->3
conflict on: 11->10
conflict on: 51->50
conflict on: 58->57
conflict on: 60->59
conflict on: 72->71
conflict on: 74->73
conflict on: 77->76
conflict on: 83->82
conflict on: 85->84
conflict on: 97->96
[2, 1, 0, 5, 8, 6, 3, 4, 7, 9, 11, 10, 12, 13, 14, 15, 16, 17, 18, 19, 20, 21, 22, 23, 24, 25, 26, 27, 28, 29, 30, 31, 32, 33, 34, 35, 36, 37, 38, 39, 40, 41, 42, 43, 44, 45, 46, 47, 48, 49, 51, 50, 52, 53, 54, 55, 56, 58, 57, 60, 59, 61, 62, 63, 64, 65, 66, 67, 68, 69, 70, 72, 71, 74, 73, 75, 77, 76, 78, 79, 80, 81, 83, 82, 85, 84, 86, 87, 88, 89, 90, 91, 92, 93, 94, 95, 97, 96, 98, 99]
num of conflicts is: 14

Process finished with exit code 0