('6', datetime.datetime(2023, 7, 2, 17, 1, 18, 296000))
('23', datetime.datetime(2023, 7, 2, 17, 1, 18, 575000))
('2', datetime.datetime(2023, 7, 2, 17, 1, 18, 253000))
('9', datetime.datetime(2023, 7, 2, 17, 1, 18, 296000))
('5', datetime.datetime(2023, 7, 2, 17, 1, 18, 271000))
('17', datetime.datetime(2023, 7, 2, 17, 1, 18, 493000))
('29', datetime.datetime(2023, 7, 2, 17, 1, 18, 695000))
('0', datetime.datetime(2023, 7, 2, 17, 1, 18, 278000))
('15', datetime.datetime(2023, 7, 2, 17, 1, 18, 402000))
('27', datetime.datetime(2023, 7, 2, 17, 1, 18, 630000))
('26', datetime.datetime(2023, 7, 2, 17, 1, 18, 615000))
('10', datetime.datetime(2023, 7, 2, 17, 1, 18, 314000))
('16', datetime.datetime(2023, 7, 2, 17, 1, 18, 497000))
('7', datetime.datetime(2023, 7, 2, 17, 1, 18, 273000))
('20', datetime.datetime(2023, 7, 2, 17, 1, 18, 558000))
('22', datetime.datetime(2023, 7, 2, 17, 1, 18, 566000))
('14', datetime.datetime(2023, 7, 2, 17, 1, 18, 362000))
('25', datetime.datetime(2023, 7, 2, 17, 1, 18, 606000))
('4', datetime.datetime(2023, 7, 2, 17, 1, 18, 296000))
('13', datetime.datetime(2023, 7, 2, 17, 1, 18, 372000))
('18', datetime.datetime(2023, 7, 2, 17, 1, 18, 521000))
('31', datetime.datetime(2023, 7, 2, 17, 1, 18, 763000))
('33', datetime.datetime(2023, 7, 2, 17, 1, 18, 809000))
('35', datetime.datetime(2023, 7, 2, 17, 1, 18, 919000))
('37', datetime.datetime(2023, 7, 2, 17, 1, 18, 987000))
('38', datetime.datetime(2023, 7, 2, 17, 1, 18, 990000))
('39', datetime.datetime(2023, 7, 2, 17, 1, 19, 9000))
('40', datetime.datetime(2023, 7, 2, 17, 1, 19, 61000))
('41', datetime.datetime(2023, 7, 2, 17, 1, 19, 59000))
('42', datetime.datetime(2023, 7, 2, 17, 1, 19, 70000))
('43', datetime.datetime(2023, 7, 2, 17, 1, 19, 98000))
('44', datetime.datetime(2023, 7, 2, 17, 1, 19, 93000))
('45', datetime.datetime(2023, 7, 2, 17, 1, 19, 119000))
('49', datetime.datetime(2023, 7, 2, 17, 1, 19, 163000))
('50', datetime.datetime(2023, 7, 2, 17, 1, 19, 202000))
('52', datetime.datetime(2023, 7, 2, 17, 1, 19, 197000))
('53', datetime.datetime(2023, 7, 2, 17, 1, 19, 208000))
('55', datetime.datetime(2023, 7, 2, 17, 1, 19, 247000))
('57', datetime.datetime(2023, 7, 2, 17, 1, 19, 294000))
('59', datetime.datetime(2023, 7, 2, 17, 1, 19, 302000))
('61', datetime.datetime(2023, 7, 2, 17, 1, 19, 362000))
('62', datetime.datetime(2023, 7, 2, 17, 1, 19, 358000))
('63', datetime.datetime(2023, 7, 2, 17, 1, 19, 366000))
('64', datetime.datetime(2023, 7, 2, 17, 1, 19, 366000))
('65', datetime.datetime(2023, 7, 2, 17, 1, 19, 425000))
('66', datetime.datetime(2023, 7, 2, 17, 1, 19, 438000))
('69', datetime.datetime(2023, 7, 2, 17, 1, 19, 481000))
('71', datetime.datetime(2023, 7, 2, 17, 1, 19, 483000))
('72', datetime.datetime(2023, 7, 2, 17, 1, 19, 477000))
('74', datetime.datetime(2023, 7, 2, 17, 1, 19, 506000))
('76', datetime.datetime(2023, 7, 2, 17, 1, 19, 533000))
('78', datetime.datetime(2023, 7, 2, 17, 1, 19, 578000))
('79', datetime.datetime(2023, 7, 2, 17, 1, 19, 570000))
('80', datetime.datetime(2023, 7, 2, 17, 1, 19, 606000))
('81', datetime.datetime(2023, 7, 2, 17, 1, 19, 633000))
('82', datetime.datetime(2023, 7, 2, 17, 1, 19, 655000))
('83', datetime.datetime(2023, 7, 2, 17, 1, 19, 761000))
('84', datetime.datetime(2023, 7, 2, 17, 1, 19, 816000))
('85', datetime.datetime(2023, 7, 2, 17, 1, 19, 845000))
('89', datetime.datetime(2023, 7, 2, 17, 1, 19, 941000))
('90', datetime.datetime(2023, 7, 2, 17, 1, 19, 955000))
('91', datetime.datetime(2023, 7, 2, 17, 1, 19, 959000))
('92', datetime.datetime(2023, 7, 2, 17, 1, 20, 36000))
('93', datetime.datetime(2023, 7, 2, 17, 1, 20, 53000))
('96', datetime.datetime(2023, 7, 2, 17, 1, 20, 136000))
('97', datetime.datetime(2023, 7, 2, 17, 1, 20, 137000))
('98', datetime.datetime(2023, 7, 2, 17, 1, 20, 143000))
('21', datetime.datetime(2023, 7, 2, 17, 1, 18, 563000))
{2: 1688306478.253, 5: 1688306478.271, 7: 1688306478.273, 0: 1688306478.278, 6: 1688306478.296, 9: 1688306478.296, 4: 1688306478.296, 10: 1688306478.314, 14: 1688306478.362, 13: 1688306478.372, 15: 1688306478.402, 17: 1688306478.493, 16: 1688306478.497, 18: 1688306478.521, 20: 1688306478.558, 21: 1688306478.563, 22: 1688306478.566, 23: 1688306478.575, 25: 1688306478.606, 26: 1688306478.615, 27: 1688306478.63, 29: 1688306478.695, 31: 1688306478.763, 33: 1688306478.809, 35: 1688306478.919, 37: 1688306478.987, 38: 1688306478.99, 39: 1688306479.009, 41: 1688306479.059, 40: 1688306479.061, 42: 1688306479.07, 44: 1688306479.093, 43: 1688306479.098, 45: 1688306479.119, 49: 1688306479.163, 52: 1688306479.197, 50: 1688306479.202, 53: 1688306479.208, 55: 1688306479.247, 57: 1688306479.294, 59: 1688306479.302, 62: 1688306479.358, 61: 1688306479.362, 63: 1688306479.366, 64: 1688306479.366, 65: 1688306479.425, 66: 1688306479.438, 72: 1688306479.477, 69: 1688306479.481, 71: 1688306479.483, 74: 1688306479.506, 76: 1688306479.533, 79: 1688306479.57, 78: 1688306479.578, 80: 1688306479.606, 81: 1688306479.633, 82: 1688306479.655, 83: 1688306479.761, 84: 1688306479.816, 85: 1688306479.845, 89: 1688306479.941, 90: 1688306479.955, 91: 1688306479.959, 92: 1688306480.036, 93: 1688306480.053, 96: 1688306480.136, 97: 1688306480.137, 98: 1688306480.143}
conflict on: 7->0
conflict on: 9->4
conflict on: 14->13
conflict on: 17->16
conflict on: 41->40
conflict on: 44->43
conflict on: 52->50
conflict on: 62->61
conflict on: 72->69
conflict on: 79->78
[2, 5, 7, 0, 6, 9, 4, 10, 14, 13, 15, 17, 16, 18, 20, 21, 22, 23, 25, 26, 27, 29, 31, 33, 35, 37, 38, 39, 41, 40, 42, 44, 43, 45, 49, 52, 50, 53, 55, 57, 59, 62, 61, 63, 64, 65, 66, 72, 69, 71, 74, 76, 79, 78, 80, 81, 82, 83, 84, 85, 89, 90, 91, 92, 93, 96, 97, 98]
num of conflicts is: 10

Process finished with exit code 0